0.466926 0.437158 0.409556 0.384000 0.360360 0.338505 0.318302 0.299625 0.282353 0.266371 0.251572 0.237859 0.225141 0.213333 0.202361 
0.461856 0.430769 0.402154 0.375839 0.351648 0.329412 0.308966 0.290155 0.272838 0.256881 0.242162 0.228571 0.216008 0.204380 0.193604 
0.454148 0.421907 0.392453 0.365554 0.340984 0.318530 0.297994 0.279195 0.261965 0.246154 0.231626 0.218258 0.205941 0.194574 0.184071 
0.443418 0.410256 0.380198 0.352941 0.328205 0.305732 0.285290 0.266667 0.249675 0.234146 0.219931 0.206897 0.194924 0.183908 0.173756 
0.429268 0.395506 0.365145 0.337812 0.313167 0.290909 0.270769 0.252511 0.235925 0.220828 0.207059 0.194475 0.182952 0.172380 0.162662 
0.411311 0.377358 0.347072 0.320000 0.295749 0.273973 0.254372 0.236686 0.220690 0.206186 0.193004 0.180995 0.170032 0.160000 0.150801 
0.389189 0.355556 0.325792 0.299376 0.275862 0.254867 0.236066 0.219178 0.203966 0.190225 0.177778 0.166474 0.156182 0.146789 0.138196 
0.362606 0.329897 0.301176 0.275862 0.253465 0.233577 0.215852 0.200000 0.185776 0.172973 0.161412 0.150943 0.141436 0.132780 0.124878 
0.331361 0.300268 0.273171 0.249443 0.228571 0.210131 0.193772 0.179200 0.166172 0.154483 0.143959 0.134454 0.125843 0.118019 0.110891 
0.295385 0.266667 0.241814 0.220183 0.201258 0.184615 0.169912 0.156863 0.145234 0.134831 0.125490 0.117073 0.109464 0.102564 0.096289 
0.254777 0.229226 0.207254 0.188235 0.171674 0.157171 0.144404 0.133111 0.123077 0.114123 0.106101 0.098888 0.092379 0.086486 0.081136 
0.209836 0.188235 0.169761 0.153846 0.140044 0.128000 0.117431 0.108108 0.099844 0.092486 0.085906 0.080000 0.074679 0.069869 0.065507 
0.161074 0.144144 0.129730 0.117359 0.106667 0.097363 0.089219 0.082051 0.075710 0.070073 0.065041 0.060530 0.056471 0.052805 0.049485 
0.109215 0.097561 0.087671 0.079208 0.071910 0.065574 0.060038 0.055172 0.050874 0.047059 0.043656 0.040609 0.037870 0.035398 0.033161 
0.055172 0.049231 0.044199 0.039900 0.036199 0.032990 0.030189 0.027730 0.025559 0.023634 0.021918 0.020382 0.019002 0.017758 0.016632 
