0.483902 0.468588 0.453797 0.439521 0.425751 0.412474 0.399678 0.387349 0.375473 0.364037 0.353025 0.342423 0.332217 0.322392 0.312934 0.303828 0.295062 0.286622 0.278495 0.270668 0.263130 0.255868 0.248871 0.242128 0.235629 0.229364 0.223323 0.217496 0.211875 0.206452 0.201217 
0.482655 0.466926 0.451765 0.437158 0.423094 0.409556 0.396530 0.384000 0.371949 0.360360 0.349218 0.338505 0.328205 0.318302 0.308781 0.299625 0.290821 0.282353 0.274207 0.266371 0.258830 0.251572 0.244586 0.237859 0.231381 0.225141 0.219128 0.213333 0.207747 0.202361 0.197166 
0.480829 0.464697 0.449177 0.434254 0.419910 0.406127 0.392887 0.380172 0.367962 0.356238 0.344981 0.334174 0.323796 0.313832 0.304262 0.295072 0.286243 0.277761 0.269611 0.261777 0.254247 0.247006 0.240041 0.233342 0.226895 0.220690 0.214715 0.208962 0.203420 0.198079 0.192931 
0.478377 0.461856 0.445993 0.430769 0.416163 0.402154 0.388720 0.375839 0.363489 0.351648 0.340296 0.329412 0.318975 0.308966 0.299365 0.290155 0.281319 0.272838 0.264697 0.256881 0.249374 0.242162 0.235232 0.228571 0.222167 0.216008 0.210082 0.204380 0.198890 0.193604 0.188513 
0.475248 0.458355 0.442170 0.426667 0.411821 0.397607 0.384000 0.370975 0.358506 0.346570 0.335144 0.324203 0.313725 0.303691 0.294078 0.284866 0.276038 0.267575 0.259459 0.251675 0.244206 0.237037 0.230155 0.223545 0.217195 0.211092 0.205226 0.199584 0.194157 0.188935 0.183908 
0.471388 0.454148 0.437664 0.421907 0.406846 0.392453 0.378698 0.365554 0.352991 0.340984 0.329505 0.318530 0.308034 0.297994 0.288388 0.279195 0.270393 0.261965 0.253891 0.246154 0.238737 0.231626 0.224804 0.218258 0.211975 0.205941 0.200144 0.194574 0.189220 0.184071 0.179117 
0.466744 0.449186 0.432432 0.416450 0.401204 0.386660 0.372787 0.359551 0.346921 0.334868 0.323363 0.312378 0.301887 0.291864 0.282287 0.273131 0.264375 0.256000 0.247985 0.240312 0.232964 0.225925 0.219178 0.212709 0.206505 0.200552 0.194837 0.189349 0.184077 0.179011 0.174140 
0.461261 0.443418 0.426430 0.410256 0.394859 0.380198 0.366237 0.352941 0.340275 0.328205 0.316701 0.305732 0.295271 0.285290 0.275763 0.266667 0.257978 0.249675 0.241737 0.234146 0.226883 0.219931 0.213274 0.206897 0.200784 0.194924 0.189302 0.183908 0.178729 0.173756 0.168977 
0.454883 0.436795 0.419612 0.403288 0.387777 0.373036 0.359024 0.345702 0.333032 0.320977 0.309504 0.298580 0.288175 0.278261 0.268809 0.259795 0.251195 0.242984 0.235144 0.227652 0.220491 0.213643 0.207091 0.200819 0.194812 0.189057 0.183541 0.178251 0.173176 0.168306 0.163628 
0.447552 0.429268 0.411937 0.395506 0.379924 0.365145 0.351122 0.337812 0.325173 0.313167 0.301757 0.290909 0.280590 0.270769 0.261418 0.252511 0.244021 0.235925 0.228201 0.220828 0.213787 0.207059 0.200627 0.194475 0.188588 0.182952 0.177554 0.172380 0.167420 0.162662 0.158096 
0.439216 0.420789 0.403361 0.386874 0.371271 0.356499 0.342508 0.329250 0.316682 0.304762 0.293450 0.282709 0.272506 0.262808 0.253585 0.244809 0.236453 0.228494 0.220907 0.213672 0.206769 0.200179 0.193883 0.187867 0.182114 0.176610 0.171341 0.166295 0.161461 0.156826 0.152381 
0.429819 0.411311 0.393846 0.377358 0.361786 0.347072 0.333160 0.320000 0.307544 0.295749 0.284571 0.273973 0.263918 0.254372 0.245305 0.236686 0.228490 0.220690 0.213262 0.206186 0.199439 0.193004 0.186861 0.180995 0.175391 0.170032 0.164906 0.160000 0.155302 0.150801 0.146487 
0.419310 0.400791 0.383354 0.366928 0.351445 0.336842 0.323061 0.310046 0.297747 0.286118 0.275113 0.264693 0.254820 0.245458 0.236576 0.228143 0.220130 0.212513 0.205267 0.198369 0.191798 0.185536 0.179563 0.173863 0.168421 0.163221 0.158251 0.153497 0.148947 0.144590 0.140416 
0.407643 0.389189 0.371853 0.355556 0.340224 0.325792 0.312195 0.299376 0.287282 0.275862 0.265071 0.254867 0.245211 0.236066 0.227398 0.219178 0.211376 0.203966 0.196923 0.190225 0.183849 0.177778 0.171992 0.166474 0.161209 0.156182 0.151380 0.146789 0.142398 0.138196 0.134172 
0.394775 0.376471 0.359313 0.343218 0.328106 0.313907 0.300552 0.287983 0.276142 0.264978 0.254443 0.244494 0.235091 0.226195 0.217774 0.209796 0.202230 0.195052 0.188235 0.181757 0.175597 0.169735 0.164152 0.158832 0.153759 0.148919 0.144297 0.139882 0.135661 0.131624 0.127760 
0.380669 0.362606 0.345712 0.329897 0.315077 0.301176 0.288126 0.275862 0.264326 0.253465 0.243230 0.233577 0.224463 0.215852 0.207708 0.200000 0.192699 0.185776 0.179209 0.172973 0.167047 0.161412 0.156050 0.150943 0.146077 0.141436 0.137008 0.132780 0.128740 0.124878 0.121183 
0.365297 0.347574 0.331034 0.315582 0.301129 0.287597 0.274914 0.263014 0.251836 0.241327 0.231437 0.222119 0.213333 0.205041 0.197206 0.189798 0.182788 0.176147 0.169851 0.163878 0.158207 0.152818 0.147692 0.142815 0.138169 0.133742 0.129520 0.125490 0.121642 0.117965 0.114449 
0.348638 0.331361 0.315271 0.300268 0.286262 0.273171 0.260920 0.249443 0.238679 0.228571 0.219071 0.210131 0.201711 0.193772 0.186279 0.179200 0.172507 0.166172 0.160172 0.154483 0.149085 0.143959 0.139087 0.134454 0.130044 0.125843 0.121838 0.118019 0.114373 0.110891 0.107563 
0.330684 0.313962 0.298422 0.283959 0.270481 0.257905 0.246154 0.235161 0.224865 0.215210 0.206145 0.197625 0.189608 0.182057 0.174937 0.168217 0.161868 0.155864 0.150181 0.144796 0.139691 0.134846 0.130244 0.125870 0.121709 0.117747 0.113973 0.110374 0.106941 0.103663 0.100532 
0.311436 0.295385 0.280497 0.266667 0.253800 0.241814 0.230631 0.220183 0.210411 0.201258 0.192674 0.184615 0.177040 0.169912 0.163196 0.156863 0.150884 0.145234 0.139891 0.134831 0.130037 0.125490 0.121174 0.117073 0.113174 0.109464 0.105931 0.102564 0.099353 0.096289 0.093363 
0.290909 0.275646 0.261516 0.248412 0.236242 0.224920 0.214373 0.204532 0.195339 0.186737 0.178680 0.171123 0.164026 0.157354 0.151073 0.145155 0.139572 0.134300 0.129317 0.124602 0.120137 0.115904 0.111888 0.108075 0.104451 0.101004 0.097723 0.094598 0.091619 0.088777 0.086064 
0.269134 0.254777 0.241509 0.229226 0.217835 0.207254 0.197409 0.188235 0.179674 0.171674 0.164187 0.157171 0.150588 0.144404 0.138588 0.133111 0.127949 0.123077 0.118475 0.114123 0.110003 0.106101 0.102400 0.098888 0.095551 0.092379 0.089361 0.086486 0.083748 0.081136 0.078643 
0.246154 0.232821 0.220521 0.209150 0.198621 0.188852 0.179775 0.171327 0.163451 0.156098 0.149223 0.142786 0.136752 0.131088 0.125764 0.120755 0.116035 0.111585 0.107383 0.103411 0.099654 0.096096 0.092724 0.089524 0.086486 0.083599 0.080853 0.078240 0.075750 0.073376 0.071111 
0.222029 0.209836 0.198604 0.188235 0.178646 0.169761 0.161514 0.153846 0.146705 0.140044 0.133821 0.128000 0.122547 0.117431 0.112626 0.108108 0.103854 0.099844 0.096060 0.092486 0.089105 0.085906 0.082875 0.080000 0.077271 0.074679 0.072214 0.069869 0.067635 0.065507 0.063476 
0.196837 0.185892 0.175824 0.166543 0.157969 0.150033 0.142675 0.135840 0.129480 0.123552 0.118019 0.112846 0.108004 0.103464 0.099203 0.095198 0.091429 0.087878 0.084528 0.081366 0.078376 0.075548 0.072869 0.070330 0.067920 0.065631 0.063456 0.061387 0.059416 0.057539 0.055749 
0.170667 0.161074 0.152260 0.144144 0.136655 0.129730 0.123314 0.117359 0.111823 0.106667 0.101857 0.097363 0.093159 0.089219 0.085523 0.082051 0.078785 0.075710 0.072810 0.070073 0.067487 0.065041 0.062725 0.060530 0.058447 0.056471 0.054592 0.052805 0.051105 0.049485 0.047940 
0.143627 0.135478 0.128000 0.121120 0.114778 0.108918 0.103493 0.098462 0.093787 0.089435 0.085379 0.081591 0.078049 0.074731 0.071620 0.068699 0.065952 0.063366 0.060929 0.058630 0.056457 0.054403 0.052459 0.050617 0.048870 0.047212 0.045636 0.044138 0.042712 0.041354 0.040060 
0.115837 0.109215 0.103143 0.097561 0.092419 0.087671 0.083279 0.079208 0.075427 0.071910 0.068633 0.065574 0.062714 0.060038 0.057528 0.055172 0.052958 0.050874 0.048911 0.047059 0.045310 0.043656 0.042091 0.040609 0.039204 0.037870 0.036603 0.035398 0.034252 0.033161 0.032120 
0.087432 0.082403 0.077796 0.073563 0.069666 0.066070 0.062745 0.059664 0.056805 0.054146 0.051668 0.049357 0.047198 0.045176 0.043282 0.041505 0.039834 0.038262 0.036782 0.035385 0.034067 0.032821 0.031641 0.030525 0.029466 0.028461 0.027507 0.026600 0.025737 0.024916 0.024133 
0.058554 0.055172 0.052075 0.049231 0.046613 0.044199 0.041967 0.039900 0.037982 0.036199 0.034539 0.032990 0.031543 0.030189 0.028920 0.027730 0.026611 0.025559 0.024568 0.023634 0.022752 0.021918 0.021129 0.020382 0.019674 0.019002 0.018364 0.017758 0.017181 0.016632 0.016109 
0.029358 0.027658 0.026101 0.024672 0.023358 0.022145 0.021025 0.019988 0.019025 0.018130 0.017297 0.016520 0.015795 0.015116 0.014480 0.013883 0.013322 0.012795 0.012298 0.011830 0.011388 0.010970 0.010575 0.010201 0.009846 0.009510 0.009190 0.008886 0.008598 0.008322 0.008060 
