0.182775 0.176133 0.169837 0.163864 0.158193 0.152803 0.147679 0.142802 0.138158 0.133732 0.129511 0.125483 0.121637 0.117962 0.114447 
0.172495 0.166159 0.160158 0.154469 0.149071 0.143945 0.139074 0.134441 0.130032 0.125833 0.121830 0.118012 0.114368 0.110888 0.107561 
0.161857 0.155851 0.150168 0.144783 0.139678 0.134833 0.130232 0.125858 0.121698 0.117737 0.113964 0.110367 0.106936 0.103660 0.100530 
0.150874 0.145223 0.139879 0.134819 0.130025 0.125478 0.121162 0.117062 0.113164 0.109455 0.105923 0.102558 0.099348 0.096286 0.093361 
0.139562 0.134289 0.129305 0.124590 0.120125 0.115892 0.111877 0.108064 0.104441 0.100996 0.097716 0.094592 0.091614 0.088774 0.086062 
0.127940 0.123067 0.118464 0.114112 0.109992 0.106090 0.102389 0.098878 0.095542 0.092371 0.089354 0.086481 0.083743 0.081133 0.078642 
0.116028 0.111576 0.107373 0.103401 0.099644 0.096086 0.092714 0.089515 0.086478 0.083592 0.080847 0.078234 0.075746 0.073373 0.071110 
0.103847 0.099836 0.096052 0.092477 0.089096 0.085897 0.082866 0.079992 0.077264 0.074672 0.072209 0.069864 0.067632 0.065504 0.063475 
0.091423 0.087871 0.084521 0.081358 0.078368 0.075540 0.072861 0.070322 0.067913 0.065625 0.063451 0.061382 0.059413 0.057537 0.055748 
0.078780 0.075704 0.072804 0.070066 0.067480 0.065034 0.062718 0.060523 0.058442 0.056465 0.054587 0.052802 0.051102 0.049483 0.047939 
0.065948 0.063362 0.060924 0.058624 0.056451 0.054397 0.052453 0.050611 0.048865 0.047207 0.045632 0.044135 0.042710 0.041353 0.040059 
0.052955 0.050871 0.048907 0.047054 0.045305 0.043651 0.042087 0.040605 0.039200 0.037866 0.036600 0.035396 0.034250 0.033159 0.032120 
0.039832 0.038259 0.036778 0.035382 0.034063 0.032817 0.031638 0.030521 0.029463 0.028459 0.027505 0.026598 0.025736 0.024915 0.024132 
0.026610 0.025557 0.024566 0.023631 0.022749 0.021915 0.021127 0.020380 0.019672 0.019001 0.018363 0.017757 0.017180 0.016631 0.016108 
0.013321 0.012794 0.012297 0.011829 0.011387 0.010969 0.010574 0.010200 0.009845 0.009509 0.009189 0.008886 0.008597 0.008322 0.008060 
