0.483902 0.468587 0.453796 0.439521 0.425750 0.412473 0.399677 0.387348 0.375472 0.364035 0.353024 0.342422 0.332216 0.322390 0.312932 0.303827 
0.482654 0.466925 0.451763 0.437157 0.423092 0.409555 0.396528 0.383998 0.371947 0.360358 0.349215 0.338502 0.328202 0.318299 0.308778 0.299622 
0.480828 0.464696 0.449176 0.434252 0.419907 0.406125 0.392885 0.380169 0.367959 0.356235 0.344978 0.334170 0.323792 0.313827 0.304258 0.295067 
0.478376 0.461854 0.445991 0.430767 0.416161 0.402152 0.388717 0.375835 0.363485 0.351644 0.340292 0.329407 0.318969 0.308960 0.299359 0.290149 
0.475247 0.458354 0.442168 0.426665 0.411818 0.397604 0.383997 0.370971 0.358502 0.346565 0.335138 0.324196 0.313719 0.303684 0.294070 0.284859 
0.471387 0.454147 0.437663 0.421905 0.406844 0.392450 0.378695 0.365549 0.352986 0.340978 0.329499 0.318523 0.308026 0.297986 0.288380 0.279186 
0.466744 0.449185 0.432431 0.416448 0.401202 0.386658 0.372783 0.359546 0.346916 0.334862 0.323356 0.312370 0.301878 0.291855 0.282277 0.273121 
0.461261 0.443418 0.426429 0.410255 0.394857 0.380196 0.366234 0.352937 0.340270 0.328199 0.316694 0.305724 0.295262 0.285280 0.275753 0.266656 
0.454883 0.436795 0.419612 0.403287 0.387776 0.373034 0.359022 0.345699 0.333027 0.320971 0.309497 0.298572 0.288166 0.278251 0.268798 0.259783 
0.447553 0.429269 0.411938 0.395506 0.379925 0.365145 0.351120 0.337809 0.325169 0.313162 0.301751 0.290901 0.280580 0.270759 0.261407 0.252498 
0.439217 0.420791 0.403363 0.386876 0.371272 0.356499 0.342507 0.329248 0.316679 0.304757 0.293443 0.282701 0.272497 0.262797 0.253573 0.244796 
0.429820 0.411314 0.393849 0.377361 0.361789 0.347073 0.333160 0.319999 0.307542 0.295744 0.284565 0.273965 0.263908 0.254361 0.245293 0.236673 
0.419313 0.400795 0.383359 0.366933 0.351449 0.336845 0.323062 0.310046 0.297746 0.286114 0.275108 0.264686 0.254811 0.245448 0.236564 0.228130 
0.407646 0.389194 0.371858 0.355561 0.340230 0.325796 0.312198 0.299378 0.287281 0.275860 0.265067 0.254861 0.245202 0.236056 0.227387 0.219165 
0.394778 0.376476 0.359320 0.343225 0.328113 0.313912 0.300557 0.287986 0.276143 0.264977 0.254440 0.244489 0.235083 0.226186 0.217763 0.209783 
0.380673 0.362613 0.345721 0.329906 0.315085 0.301184 0.288132 0.275866 0.264328 0.253465 0.243228 0.233572 0.224456 0.215843 0.207697 0.199988 
