0.365302 0.347582 0.331044 0.315592 0.301139 0.287606 0.274921 0.263019 0.251840 0.241328 0.231435 0.222116 0.213327 0.205033 0.197196 0.189787 
0.348643 0.331370 0.315282 0.300280 0.286273 0.273181 0.260929 0.249450 0.238683 0.228573 0.219071 0.210129 0.201706 0.193764 0.186270 0.179189 
0.330689 0.313972 0.298434 0.283972 0.270494 0.257916 0.246164 0.235169 0.224870 0.215213 0.206145 0.197623 0.189604 0.182051 0.174929 0.168207 
0.311442 0.295395 0.280509 0.266680 0.253814 0.241826 0.230641 0.220192 0.210417 0.201262 0.192676 0.184614 0.177037 0.169906 0.163189 0.156854 
0.290916 0.275657 0.261529 0.248426 0.236256 0.224933 0.214384 0.204542 0.195346 0.186742 0.178683 0.171123 0.164024 0.157349 0.151066 0.145147 
0.269140 0.254788 0.241523 0.229241 0.217850 0.207267 0.197421 0.188245 0.179682 0.171679 0.164190 0.157172 0.150587 0.144401 0.138583 0.133104 
0.246161 0.232833 0.220534 0.209165 0.198635 0.188866 0.179787 0.171337 0.163459 0.156103 0.149226 0.142787 0.136751 0.131085 0.125759 0.120748 
0.222036 0.209847 0.198617 0.188250 0.178661 0.169775 0.161526 0.153856 0.146713 0.140050 0.133825 0.128002 0.122546 0.117429 0.112622 0.108103 
0.196843 0.185903 0.175837 0.166556 0.157983 0.150046 0.142687 0.135850 0.129488 0.123558 0.118023 0.112848 0.108004 0.103462 0.099199 0.095193 
0.170673 0.161083 0.152272 0.144157 0.136667 0.129742 0.123325 0.117369 0.111830 0.106672 0.101861 0.097365 0.093159 0.089218 0.085521 0.082047 
0.143632 0.135487 0.128010 0.121132 0.114789 0.108928 0.103502 0.098470 0.093793 0.089440 0.085382 0.081593 0.078049 0.074731 0.071618 0.068696 
0.115841 0.109222 0.103151 0.097570 0.092428 0.087680 0.083287 0.079215 0.075433 0.071914 0.068636 0.065575 0.062715 0.060037 0.057526 0.055170 
0.087435 0.082409 0.077803 0.073571 0.069673 0.066077 0.062751 0.059670 0.056809 0.054149 0.051671 0.049359 0.047198 0.045176 0.043281 0.041503 
0.058557 0.055176 0.052080 0.049236 0.046618 0.044204 0.041971 0.039904 0.037985 0.036201 0.034540 0.032991 0.031543 0.030188 0.028919 0.027728 
0.029359 0.027660 0.026104 0.024675 0.023360 0.022148 0.021027 0.019989 0.019027 0.018132 0.017298 0.016521 0.015795 0.015116 0.014479 0.013882 
