0.295061 0.286621 0.278494 0.270667 0.263128 0.255866 0.248870 0.242127 0.235628 0.229363 0.223322 0.217496 0.211875 0.206451 0.201217 
0.290818 0.282350 0.274204 0.266367 0.258827 0.251569 0.244583 0.237857 0.231379 0.225139 0.219126 0.213332 0.207746 0.202360 0.197165 
0.286238 0.277756 0.269606 0.261772 0.254242 0.247001 0.240037 0.233338 0.226891 0.220687 0.214713 0.208960 0.203418 0.198078 0.192931 
0.281312 0.272831 0.264691 0.256874 0.249368 0.242156 0.235227 0.228566 0.222163 0.216004 0.210079 0.204377 0.198888 0.193603 0.188512 
0.276030 0.267567 0.259451 0.251667 0.244198 0.237030 0.230148 0.223538 0.217189 0.211087 0.205221 0.199581 0.194155 0.188933 0.183907 
0.270384 0.261955 0.253881 0.246144 0.238728 0.231617 0.224796 0.218251 0.211968 0.205935 0.200139 0.194570 0.189217 0.184069 0.179116 
0.264365 0.255989 0.247974 0.240302 0.232954 0.225915 0.219169 0.212701 0.206497 0.200545 0.194831 0.189345 0.184074 0.179009 0.174139 
0.257966 0.249663 0.241726 0.234135 0.226872 0.219920 0.213264 0.206887 0.200776 0.194916 0.189296 0.183903 0.178725 0.173753 0.168976 
0.251182 0.242972 0.235131 0.227640 0.220479 0.213631 0.207079 0.200808 0.194803 0.189049 0.183534 0.178246 0.173172 0.168303 0.163627 
0.244008 0.235912 0.228187 0.220815 0.213774 0.207046 0.200615 0.194464 0.188578 0.182943 0.177546 0.172374 0.167415 0.162659 0.158094 
0.236440 0.228480 0.220893 0.213658 0.206755 0.200165 0.193871 0.187855 0.182103 0.176600 0.171333 0.166289 0.161456 0.156823 0.152379 
0.228476 0.220675 0.213248 0.206171 0.199425 0.192990 0.186848 0.180983 0.175379 0.170022 0.164898 0.159993 0.155297 0.150798 0.146485 
0.220117 0.212499 0.205252 0.198354 0.191783 0.185521 0.179549 0.173851 0.168410 0.163211 0.158242 0.153490 0.148941 0.144586 0.140414 
0.211362 0.203952 0.196908 0.190210 0.183834 0.177763 0.171978 0.166461 0.161197 0.156172 0.151371 0.146782 0.142393 0.138192 0.134170 
0.202217 0.195038 0.188221 0.181742 0.175582 0.169720 0.164138 0.158819 0.153747 0.148908 0.144288 0.139875 0.135655 0.131620 0.127758 
0.192685 0.185763 0.179194 0.172958 0.167033 0.161398 0.156036 0.150931 0.146065 0.141426 0.136999 0.132773 0.128735 0.124874 0.121182 
